Phone timestamp;HR [bpm];
2024-05-02T10:25:09.839;75
2024-05-02T10:25:10.862;75
2024-05-02T10:25:11.853;76
2024-05-02T10:25:12.855;77
2024-05-02T10:25:13.875;77
2024-05-02T10:25:14.925;77;69,7
2024-05-02T10:25:15.876;78;62,3
2024-05-02T10:25:16.902;78;52,9
2024-05-02T10:25:17.867;78;49,5
2024-05-02T10:25:18.847;78;46,6
2024-05-02T10:25:19.865;77;44,2
2024-05-02T10:25:20.856;78;40,4
2024-05-02T10:25:21.859;79;38,8
2024-05-02T10:25:22.909;79;37,5
2024-05-02T10:25:23.868;80;35,1
2024-05-02T10:25:24.848;79;34,1
2024-05-02T10:25:25.897;79;32,9
2024-05-02T10:25:26.868;79;32,7
2024-05-02T10:25:27.840;79;31,9
2024-05-02T10:25:28.874;79;30,7
2024-05-02T10:25:29.857;80;30,1
2024-05-02T10:25:30.858;81;29,6
2024-05-02T10:25:31.863;82;28,6
2024-05-02T10:25:32.868;82;28,0
2024-05-02T10:25:33.849;82;27,7
2024-05-02T10:25:34.864;81;27,7
2024-05-02T10:25:35.886;81;13,5
2024-05-02T10:25:36.858;80;13,6
2024-05-02T10:25:37.878;80;13,4
2024-05-02T10:25:38.887;82;13,4
2024-05-02T10:25:39.842;83;14,4
2024-05-02T10:25:40.877;85;14,5
2024-05-02T10:25:41.869;86;14,8
2024-05-02T10:25:42.848;87;14,8
2024-05-02T10:25:43.900;87;14,7
2024-05-02T10:25:44.869;87;15,0
2024-05-02T10:25:45.858;86;17,7
2024-05-02T10:25:46.868;85;19,5
2024-05-02T10:25:47.888;84;18,9
2024-05-02T10:25:48.872;83;18,1
2024-05-02T10:25:49.871;81;18,1
2024-05-02T10:25:50.869;80;18,4
2024-05-02T10:25:51.846;78;18,3
2024-05-02T10:25:52.861;76;18,2
2024-05-02T10:25:53.866;75;18,2
2024-05-02T10:25:54.855;74;18,1
2024-05-02T10:25:55.866;73;18,9
2024-05-02T10:25:56.857;72;18,9
2024-05-02T10:25:57.850;72;23,5
2024-05-02T10:25:58.920;72;22,4
2024-05-02T10:25:59.870;72;21,7
2024-05-02T10:26:00.858;73;26,6
2024-05-02T10:26:01.868;74;27,1
2024-05-02T10:26:02.852;74;27,1
2024-05-02T10:26:03.859;74;26,6
2024-05-02T10:26:04.861;73;26,6
2024-05-02T10:26:05.858;72;28,1
2024-05-02T10:26:06.840;70;28,9
2024-05-02T10:26:07.879;69;28,8
2024-05-02T10:26:08.849;69;28,7
2024-05-02T10:26:09.856;69;27,4
2024-05-02T10:26:10.868;70;26,2
2024-05-02T10:26:11.850;71;26,1
2024-05-02T10:26:12.859;72;27,5
2024-05-02T10:26:13.910;73;27,5
2024-05-02T10:26:14.858;74;27,8
2024-05-02T10:26:15.844;74;27,9
2024-05-02T10:26:16.878;73;27,9
2024-05-02T10:26:17.899;73;27,9
2024-05-02T10:26:18.847;71;27,9
2024-05-02T10:26:19.871;71;28,9
2024-05-02T10:26:20.881;70;28,2
2024-05-02T10:26:21.891;70;24,4
2024-05-02T10:26:22.869;70;24,4
2024-05-02T10:26:23.899;70;24,5
2024-05-02T10:26:24.845;70;24,0
2024-05-02T10:26:25.878;70;19,4
2024-05-02T10:26:26.868;71;18,9
2024-05-02T10:26:27.859;71;18,9
2024-05-02T10:26:28.892;70;19,5
2024-05-02T10:26:29.857;70;19,5
2024-05-02T10:26:30.848;69;18,0
2024-05-02T10:26:31.867;68;18,1
2024-05-02T10:26:32.851;68;18,1
2024-05-02T10:26:33.845;67;18,1
2024-05-02T10:26:34.879;68;17,5
2024-05-02T10:26:35.853;69;17,9
