Phone timestamp;HR [bpm];
2024-05-02T17:58:37.852;71
2024-05-02T17:58:38.905;70
2024-05-02T17:58:39.870;70
2024-05-02T17:58:40.890;70
2024-05-02T17:58:41.891;71;27,4
2024-05-02T17:58:42.880;71;24,5
2024-05-02T17:58:43.862;70;22,7
2024-05-02T17:58:44.910;69;22,0
2024-05-02T17:58:45.894;69;19,4
2024-05-02T17:58:46.871;68;18,4
2024-05-02T17:58:47.892;67;17,7
2024-05-02T17:58:48.870;67;18,6
2024-05-02T17:58:49.889;67;17,9
2024-05-02T17:58:50.893;67;17,5
2024-05-02T17:58:51.903;67;17,0
2024-05-02T17:58:52.874;67;16,5
2024-05-02T17:58:53.882;67;16,1
2024-05-02T17:58:54.862;67;15,2
2024-05-02T17:58:55.860;67;16,4
2024-05-02T17:58:56.893;67;16,3
2024-05-02T17:58:57.874;67;16,2
2024-05-02T17:58:58.861;67;15,9
2024-05-02T17:58:59.886;68;15,5
2024-05-02T17:59:00.863;68;15,5
2024-05-02T17:59:01.872;68;15,6
2024-05-02T17:59:02.883;67;15,3
2024-05-02T17:59:03.868;66;15,1
2024-05-02T17:59:04.875;66;15,0
2024-05-02T17:59:05.872;66;14,9
2024-05-02T17:59:06.884;66;13,4
2024-05-02T17:59:07.854;67;11,8
2024-05-02T17:59:08.886;67;11,9
2024-05-02T17:59:09.863;67;11,7
2024-05-02T17:59:10.873;67;13,7
2024-05-02T17:59:11.882;67;15,6
2024-05-02T17:59:12.869;68;15,6
2024-05-02T17:59:13.871;69;15,6
2024-05-02T17:59:14.893;69;14,8
2024-05-02T17:59:15.881;68;14,8
2024-05-02T17:59:16.861;68;15,4
2024-05-02T17:59:17.903;68;15,3
2024-05-02T17:59:18.885;68;15,3
2024-05-02T17:59:19.882;67;15,3
2024-05-02T17:59:20.891;66;15,2
2024-05-02T17:59:21.866;66;14,1
2024-05-02T17:59:22.902;66;13,9
2024-05-02T17:59:23.893;66;13,7
2024-05-02T17:59:24.883;66;15,5
2024-05-02T17:59:25.853;66;15,8
2024-05-02T17:59:26.874;65;16,2
2024-05-02T17:59:27.883;64;16,1
2024-05-02T17:59:28.859;63;16,1
2024-05-02T17:59:29.892;63;16,1
2024-05-02T17:59:30.872;62;15,9
2024-05-02T17:59:31.862;61;16,0
2024-05-02T17:59:32.895;61;15,8
2024-05-02T17:59:33.863;60;15,8
2024-05-02T17:59:34.862;60;16,8
2024-05-02T17:59:35.907;60;18,4
2024-05-02T17:59:36.883;60;18,4
2024-05-02T17:59:37.876;60;20,3
2024-05-02T17:59:38.893;60;18,8
2024-05-02T17:59:39.903;60;18,3
2024-05-02T17:59:40.854;61;18,3
2024-05-02T17:59:41.875;61;18,3
2024-05-02T17:59:42.882;61;19,2
2024-05-02T17:59:43.862;61;19,4
