Phone timestamp;HR [bpm];
2024-05-03T10:10:05.702;66
2024-05-03T10:10:06.718;66
2024-05-03T10:10:07.708;66
2024-05-03T10:10:08.716;66;21,2
2024-05-03T10:10:09.769;66;19,0
2024-05-03T10:10:10.716;66;17,5
2024-05-03T10:10:11.719;66;25,5
2024-05-03T10:10:12.738;66;23,8
2024-05-03T10:10:13.727;67;24,7
2024-05-03T10:10:14.708;67;25,3
2024-05-03T10:10:15.719;68;24,2
2024-05-03T10:10:16.727;68;23,2
2024-05-03T10:10:17.719;68;22,4
2024-05-03T10:10:18.728;68;22,7
2024-05-03T10:10:19.748;67;23,2
2024-05-03T10:10:20.728;67;22,5
2024-05-03T10:10:21.739;67;21,9
2024-05-03T10:10:22.730;67;20,7
2024-05-03T10:10:23.704;67;20,8
2024-05-03T10:10:24.718;68;20,3
2024-05-03T10:10:25.728;68;19,9
2024-05-03T10:10:26.718;68;19,5
2024-05-03T10:10:27.727;68;19,1
2024-05-03T10:10:28.748;67;18,7
2024-05-03T10:10:29.709;67;18,4
2024-05-03T10:10:30.738;66;18,1
2024-05-03T10:10:31.716;67;17,8
2024-05-03T10:10:32.706;67;18,7
2024-05-03T10:10:33.726;67;18,3
2024-05-03T10:10:34.714;67;18,1
2024-05-03T10:10:35.718;67;18,1
2024-05-03T10:10:36.768;67;18,2
2024-05-03T10:10:37.719;67;15,4
2024-05-03T10:10:38.705;67;15,6
2024-05-03T10:10:39.725;66;14,6
2024-05-03T10:10:40.731;66;14,6
2024-05-03T10:10:41.708;66;12,7
2024-05-03T10:10:42.726;66;12,9
2024-05-03T10:10:43.729;66;16,6
2024-05-03T10:10:44.721;66;15,9
2024-05-03T10:10:45.739;65;15,1
2024-05-03T10:10:46.718;64;15,1
2024-05-03T10:10:47.701;64;17,5
2024-05-03T10:10:48.719;64;17,5
2024-05-03T10:10:49.759;64;17,6
2024-05-03T10:10:50.720;64;17,1
2024-05-03T10:10:51.726;65;17,2
2024-05-03T10:10:52.738;65;17,7
2024-05-03T10:10:53.749;65;17,7
2024-05-03T10:10:54.736;66;17,7
2024-05-03T10:10:55.713;66;17,7
2024-05-03T10:10:56.698;65;17,8
2024-05-03T10:10:57.758;65;19,0
2024-05-03T10:10:58.726;65;17,8
2024-05-03T10:10:59.735;64;17,0
2024-05-03T10:11:00.726;64;17,0
2024-05-03T10:11:01.729;64;17,0
2024-05-03T10:11:02.747;64;18,4
2024-05-03T10:11:03.726;64;18,3
2024-05-03T10:11:04.717;65;19,5
2024-05-03T10:11:05.701;65;19,3
2024-05-03T10:11:06.726;65;19,2
2024-05-03T10:11:07.718;65;19,2
2024-05-03T10:11:08.716;65;19,2
2024-05-03T10:11:09.728;65;19,1
2024-05-03T10:11:10.745;65;16,0
2024-05-03T10:11:11.720;65;16,1
2024-05-03T10:11:12.740;65;16,1
2024-05-03T10:11:13.719;65;16,1
2024-05-03T10:11:14.707;65;13,4
2024-05-03T10:11:15.739;64;13,7
