Phone timestamp;HR [bpm];
2024-05-03T09:57:10.616;72
2024-05-03T09:57:11.608;73
2024-05-03T09:57:12.600;73
2024-05-03T09:57:13.582;74;17,2
2024-05-03T09:57:14.611;73;15,4
2024-05-03T09:57:15.612;73;14,1
2024-05-03T09:57:16.640;73;13,1
2024-05-03T09:57:17.608;72;12,2
2024-05-03T09:57:18.604;71;20,4
2024-05-03T09:57:19.603;71;20,0
2024-05-03T09:57:20.602;70;20,0
2024-05-03T09:57:21.603;69;19,2
2024-05-03T09:57:22.586;68;19,7
2024-05-03T09:57:23.622;67;19,0
2024-05-03T09:57:24.613;66;18,8
2024-05-03T09:57:25.602;65;20,5
2024-05-03T09:57:26.608;65;20,0
2024-05-03T09:57:27.623;65;22,0
2024-05-03T09:57:28.583;66;21,5
2024-05-03T09:57:29.651;66;21,0
2024-05-03T09:57:30.610;68;20,9
2024-05-03T09:57:31.620;69;29,8
2024-05-03T09:57:32.622;69;33,2
2024-05-03T09:57:33.643;70;32,5
2024-05-03T09:57:34.601;69;31,9
2024-05-03T09:57:35.609;68;32,8
2024-05-03T09:57:36.591;67;32,4
2024-05-03T09:57:37.603;66;32,2
2024-05-03T09:57:38.651;66;32,1
2024-05-03T09:57:39.602;65;32,0
2024-05-03T09:57:40.590;64;31,9
2024-05-03T09:57:41.612;64;32,0
2024-05-03T09:57:42.601;64;32,0
2024-05-03T09:57:43.602;64;33,4
2024-05-03T09:57:44.610;64;33,4
2024-05-03T09:57:45.597;63;32,6
2024-05-03T09:57:46.590;63;31,8
2024-05-03T09:57:47.608;62;31,8
2024-05-03T09:57:48.611;62;32,0
2024-05-03T09:57:49.591;61;31,8
2024-05-03T09:57:50.611;61;31,8
2024-05-03T09:57:51.610;61;31,7
2024-05-03T09:57:52.602;61;30,8
2024-05-03T09:57:53.652;61;30,7
2024-05-03T09:57:54.601;62;30,7
2024-05-03T09:57:55.604;62;29,5
2024-05-03T09:57:56.604;62;29,5
2024-05-03T09:57:57.610;62;29,5
2024-05-03T09:57:58.619;62;29,4
2024-05-03T09:57:59.607;62;22,0
2024-05-03T09:58:00.611;62;16,3
2024-05-03T09:58:01.602;62;16,3
2024-05-03T09:58:02.620;62;16,4
2024-05-03T09:58:03.598;62;13,3
2024-05-03T09:58:04.620;62;13,0
2024-05-03T09:58:05.621;62;12,9
2024-05-03T09:58:06.597;62;12,8
2024-05-03T09:58:07.592;62;12,9
2024-05-03T09:58:08.603;62;12,9
2024-05-03T09:58:09.611;61;13,3
2024-05-03T09:58:10.604;61;13,3
2024-05-03T09:58:11.606;61;9,4
2024-05-03T09:58:12.601;60;9,6
2024-05-03T09:58:13.601;60;9,7
2024-05-03T09:58:14.620;60;9,7
