Phone timestamp;HR [bpm];HRV [ms];
2024-05-03T17:23:47.194;94
2024-05-03T17:23:48.186;94
2024-05-03T17:23:49.208;91
2024-05-03T17:23:50.199;91;19,3
2024-05-03T17:23:51.182;91;19,2
2024-05-03T17:23:52.205;92;17,5
2024-05-03T17:23:53.198;93;19,1
2024-05-03T17:23:54.183;94;17,3
2024-05-03T17:23:55.209;94;17,3
2024-05-03T17:23:56.197;92;19,2
2024-05-03T17:23:57.185;92;18,6
2024-05-03T17:23:58.209;92;18,6
2024-05-03T17:23:59.202;92;18,1
2024-05-03T17:24:00.192;91;18,0
2024-05-03T17:24:01.209;90;17,6
2024-05-03T17:24:02.197;92;17,1
2024-05-03T17:24:03.185;92;16,7
2024-05-03T17:24:04.212;92;16,4
2024-05-03T17:24:05.195;88;20,8
2024-05-03T17:24:06.188;87;20,1
2024-05-03T17:24:07.207;87;23,8
2024-05-03T17:24:08.204;89;25,3
2024-05-03T17:24:09.188;91;24,8
2024-05-03T17:24:10.207;90;24,0
2024-05-03T17:24:11.198;89;28,2
2024-05-03T17:24:12.188;84;32,7
2024-05-03T17:24:13.237;84;32,2
2024-05-03T17:24:14.237;85;37,7
2024-05-03T17:24:15.216;85;37,6
2024-05-03T17:24:16.206;86;37,3
2024-05-03T17:24:17.194;85;37,3
2024-05-03T17:24:18.185;86;36,9
2024-05-03T17:24:19.203;87;37,7
2024-05-03T17:24:20.200;88;37,6
2024-05-03T17:24:21.188;90;37,6
2024-05-03T17:24:22.211;89;38,6
2024-05-03T17:24:23.204;85;41,8
2024-05-03T17:24:24.184;84;41,8
2024-05-03T17:24:25.212;85;40,5
2024-05-03T17:24:26.202;86;41,8
2024-05-03T17:24:27.192;89;40,1
2024-05-03T17:24:28.212;90;39,3
2024-05-03T17:24:29.200;90;40,0
2024-05-03T17:24:30.186;89;40,0
2024-05-03T17:24:31.242;88;32,9
2024-05-03T17:24:32.196;89;33,0
2024-05-03T17:24:33.188;89;29,0
2024-05-03T17:24:34.209;89;26,7
2024-05-03T17:24:35.200;89;26,7
2024-05-03T17:24:36.189;90;26,9
2024-05-03T17:24:37.209;93;27,2
2024-05-03T17:24:38.200;93;27,2
2024-05-03T17:24:39.186;92;27,0
2024-05-03T17:24:40.206;91;27,1
2024-05-03T17:24:41.199;90;25,6
2024-05-03T17:24:42.186;91;20,2
2024-05-03T17:24:43.208;91;20,2
2024-05-03T17:24:44.199;91;19,8
2024-05-03T17:24:45.189;90;19,9
2024-05-03T17:24:46.244;87;17,1
2024-05-03T17:24:47.236;86;17,7
2024-05-03T17:24:48.217;87;18,5
2024-05-03T17:24:49.205;88;17,5
2024-05-03T17:24:50.196;89;17,6
2024-05-03T17:24:51.186;92;18,2
2024-05-03T17:24:52.207;93;18,2
2024-05-03T17:24:53.197;94;18,9
2024-05-03T17:24:54.190;94;18,9
2024-05-03T17:24:55.214;93;19,0
2024-05-03T17:24:56.200;92;18,6
2024-05-03T17:24:57.184;91;18,6
2024-05-03T17:24:58.210;91;17,0
2024-05-03T17:24:59.195;92;18,4
2024-05-03T17:25:00.192;94;18,5
2024-05-03T17:25:01.208;94;17,9
2024-05-03T17:25:02.202;92;19,4
2024-05-03T17:25:03.190;91;19,3
2024-05-03T17:25:04.205;91;17,3
2024-05-03T17:25:05.198;91;17,3
2024-05-03T17:25:06.191;90;16,9
2024-05-03T17:25:07.209;89;15,9
2024-05-03T17:25:08.201;90;15,7
2024-05-03T17:25:09.187;91;17,8
2024-05-03T17:25:10.207;94;17,2
2024-05-03T17:25:11.202;94;17,2
2024-05-03T17:25:12.187;91;21,0
2024-05-03T17:25:13.204;90;21,0
2024-05-03T17:25:14.200;89;19,7
2024-05-03T17:25:15.187;89;20,4
2024-05-03T17:25:16.208;91;22,2
2024-05-03T17:25:17.194;93;22,1
2024-05-03T17:25:18.189;93;20,9
2024-05-03T17:25:19.212;95;20,8
2024-05-03T17:25:20.232;95;20,8
2024-05-03T17:25:21.220;94;19,9
2024-05-03T17:25:22.206;93;19,9
2024-05-03T17:25:23.201;93;19,9
2024-05-03T17:25:24.188;93;19,9
2024-05-03T17:25:25.209;91;20,3
2024-05-03T17:25:26.223;90;20,3
2024-05-03T17:25:27.194;92;21,1
2024-05-03T17:25:28.240;93;19,3
2024-05-03T17:25:29.201;93;19,1
2024-05-03T17:25:30.187;93;17,9
2024-05-03T17:25:31.206;93;14,2
2024-05-03T17:25:32.199;94;14,2
2024-05-03T17:25:33.190;94;14,2
2024-05-03T17:25:34.208;93;11,9
2024-05-03T17:25:35.201;92;11,2
2024-05-03T17:25:36.187;92;12,0
2024-05-03T17:25:37.212;93;12,0
2024-05-03T17:25:38.196;91;14,1
2024-05-03T17:25:39.187;90;14,1
2024-05-03T17:25:40.214;89;13,4
2024-05-03T17:25:41.197;90;15,6
2024-05-03T17:25:42.188;92;15,7
2024-05-03T17:25:43.210;92;15,7
2024-05-03T17:25:44.201;91;15,3
2024-05-03T17:25:45.186;92;15,6
2024-05-03T17:25:46.210;93;14,7
2024-05-03T17:25:47.197;94;14,7
2024-05-03T17:25:48.188;93;16,9
2024-05-03T17:25:49.208;91;19,4
2024-05-03T17:25:50.200;89;19,4
2024-05-03T17:25:51.187;89;20,4
2024-05-03T17:25:52.210;90;21,6
2024-05-03T17:25:53.233;91;21,6
2024-05-03T17:25:54.216;92;21,0
2024-05-03T17:25:55.210;91;21,8
2024-05-03T17:25:56.200;90;21,8
2024-05-03T17:25:57.187;90;20,9
2024-05-03T17:25:58.214;91;20,9
2024-05-03T17:25:59.197;91;20,9
2024-05-03T17:26:00.190;90;19,3
2024-05-03T17:26:01.214;90;19,2
2024-05-03T17:26:02.200;91;19,3
2024-05-03T17:26:03.184;91;19,1
2024-05-03T17:26:04.210;92;19,1
2024-05-03T17:26:05.199;93;18,3
