Phone timestamp;HR [bpm];
2024-05-04T09:29:54.961;73
2024-05-04T09:29:55.988;73
2024-05-04T09:29:56.973;72
2024-05-04T09:29:58.006;72
2024-05-04T09:29:58.995;72
2024-05-04T09:29:59.977;72
2024-05-04T09:30:00.966;72;17,1
2024-05-04T09:30:02.000;73;15,6
2024-05-04T09:30:03.020;73;15,4
2024-05-04T09:30:03.978;74;14,4
2024-05-04T09:30:04.982;74;21,5
2024-05-04T09:30:05.970;74;20,9
2024-05-04T09:30:07.009;74;22,6
2024-05-04T09:30:07.985;74;22,8
2024-05-04T09:30:08.972;73;22,0
2024-05-04T09:30:09.969;72;21,2
2024-05-04T09:30:10.989;71;20,6
2024-05-04T09:30:11.977;71;19,9
2024-05-04T09:30:12.979;70;19,4
2024-05-04T09:30:14.029;70;20,8
2024-05-04T09:30:14.975;69;20,9
2024-05-04T09:30:15.969;69;23,4
2024-05-04T09:30:16.996;68;25,4
2024-05-04T09:30:17.987;68;25,3
2024-05-04T09:30:18.967;68;28,9
2024-05-04T09:30:19.980;68;28,7
2024-05-04T09:30:20.972;68;32,0
2024-05-04T09:30:21.980;68;34,8
2024-05-04T09:30:22.989;68;34,4
2024-05-04T09:30:23.979;68;34,2
2024-05-04T09:30:25.022;67;34,5
2024-05-04T09:30:26.030;68;34,5
2024-05-04T09:30:27.027;67;34,5
2024-05-04T09:30:27.969;67;37,2
2024-05-04T09:30:28.979;67;37,8
2024-05-04T09:30:29.992;67;36,6
2024-05-04T09:30:31.010;68;36,9
2024-05-04T09:30:31.990;69;36,1
2024-05-04T09:30:32.975;69;36,8
2024-05-04T09:30:33.982;71;36,8
2024-05-04T09:30:35.000;74;36,9
2024-05-04T09:30:35.988;74;36,9
2024-05-04T09:30:36.967;74;36,9
2024-05-04T09:30:38.016;74;37,3
2024-05-04T09:30:38.991;73;36,7
2024-05-04T09:30:39.999;72;36,5
2024-05-04T09:30:40.997;71;35,2
2024-05-04T09:30:41.975;70;33,8
2024-05-04T09:30:42.978;70;33,5
2024-05-04T09:30:44.016;69;31,4
2024-05-04T09:30:44.989;69;32,3
2024-05-04T09:30:45.972;68;28,9
2024-05-04T09:30:46.982;67;25,8
2024-05-04T09:30:48.007;67;25,5
2024-05-04T09:30:48.965;67;25,2
2024-05-04T09:30:50.000;67;24,3
2024-05-04T09:30:51.008;66;24,3
2024-05-04T09:30:52.002;65;26,4
2024-05-04T09:30:52.988;65;26,3
2024-05-04T09:30:53.989;64;22,2
2024-05-04T09:30:54.968;64;21,2
2024-05-04T09:30:55.988;64;21,2
2024-05-04T09:30:56.990;64;20,5
2024-05-04T09:30:57.989;65;21,0
2024-05-04T09:30:59.029;65;21,0
2024-05-04T09:31:00.011;65;19,3
2024-05-04T09:31:00.959;65;19,3
2024-05-04T09:31:01.998;65;19,6
2024-05-04T09:31:03.019;65;19,6
2024-05-04T09:31:03.980;65;19,2
2024-05-04T09:31:04.990;66;19,4
2024-05-04T09:31:05.989;66;20,4
2024-05-04T09:31:06.980;66;20,3
2024-05-04T09:31:08.026;67;20,3
2024-05-04T09:31:08.978;67;20,3
2024-05-04T09:31:09.960;68;18,8
2024-05-04T09:31:11.001;68;16,8
2024-05-04T09:31:11.973;68;18,5
2024-05-04T09:31:12.968;68;17,3
2024-05-04T09:31:13.981;67;17,8
