Phone timestamp;HR [bpm];
2024-05-06T14:42:53.744;75
2024-05-06T14:42:54.733;75
2024-05-06T14:42:55.750;76
2024-05-06T14:42:56.778;75
2024-05-06T14:42:57.736;75
2024-05-06T14:42:58.759;74
2024-05-06T14:42:59.766;74
2024-05-06T14:43:00.751;73;422,9
2024-05-06T14:43:01.772;73;378,3
2024-05-06T14:43:02.772;73;347,4
2024-05-06T14:43:03.737;73;321,6
2024-05-06T14:43:04.802;73;285,0
2024-05-06T14:43:05.792;72;270,4
2024-05-06T14:43:06.733;72;257,8
2024-05-06T14:43:07.784;72;246,8
2024-05-06T14:43:08.746;71;237,1
2024-05-06T14:43:09.744;70;228,6
2024-05-06T14:43:10.771;70;213,9
2024-05-06T14:43:11.792;70;207,5
2024-05-06T14:43:12.739;71;201,6
2024-05-06T14:43:13.760;72;196,2
2024-05-06T14:43:14.750;72;186,7
2024-05-06T14:43:15.751;72;182,4
2024-05-06T14:43:16.789;72;178,4
2024-05-06T14:43:17.742;72;174,6
2024-05-06T14:43:18.751;72;171,1
2024-05-06T14:43:19.751;72;167,8
2024-05-06T14:43:20.751;72;164,7
2024-05-06T14:43:21.735;71;162,1
2024-05-06T14:43:22.757;70;132,4
2024-05-06T14:43:23.742;70;98,4
2024-05-06T14:43:24.782;70;69,5
2024-05-06T14:43:25.771;70;27,1
2024-05-06T14:43:26.744;70;27,1
2024-05-06T14:43:27.731;70;20,9
2024-05-06T14:43:28.771;70;20,9
2024-05-06T14:43:29.761;70;14,4
2024-05-06T14:43:30.735;69;17,6
2024-05-06T14:43:31.788;69;17,5
2024-05-06T14:43:32.760;69;17,5
2024-05-06T14:43:33.751;67;17,7
2024-05-06T14:43:34.756;66;19,9
2024-05-06T14:43:35.779;66;20,1
2024-05-06T14:43:36.750;66;20,0
2024-05-06T14:43:37.800;65;20,1
2024-05-06T14:43:38.781;66;20,2
2024-05-06T14:43:39.772;66;20,2
2024-05-06T14:43:40.753;66;20,2
2024-05-06T14:43:41.790;67;20,3
2024-05-06T14:43:42.751;67;20,3
2024-05-06T14:43:43.755;68;20,3
2024-05-06T14:43:44.747;69;21,1
2024-05-06T14:43:45.761;70;21,0
2024-05-06T14:43:46.771;71;17,8
2024-05-06T14:43:47.776;72;17,8
2024-05-06T14:43:48.741;72;19,4
2024-05-06T14:43:49.756;72;19,2
2024-05-06T14:43:50.761;73;18,8
2024-05-06T14:43:51.733;73;21,4
2024-05-06T14:43:52.754;72;21,4
2024-05-06T14:43:53.750;72;21,5
2024-05-06T14:43:54.741;70;21,4
2024-05-06T14:43:55.771;68;21,7
2024-05-06T14:43:56.762;67;19,5
2024-05-06T14:43:57.742;67;19,5
2024-05-06T14:43:58.755;66;19,5
2024-05-06T14:43:59.762;65;21,1
2024-05-06T14:44:00.751;64;18,7
2024-05-06T14:44:01.772;64;18,7
2024-05-06T14:44:02.749;64;18,7
2024-05-06T14:44:03.752;64;18,5
2024-05-06T14:44:04.775;64;18,4
2024-05-06T14:44:05.761;64;18,4
2024-05-06T14:44:06.751;65;18,2
2024-05-06T14:44:07.755;65;18,2
2024-05-06T14:44:08.761;66;18,2
2024-05-06T14:44:09.752;66;18,4
2024-05-06T14:44:10.802;66;18,4
2024-05-06T14:44:11.778;66;17,6
2024-05-06T14:44:12.767;66;17,6
2024-05-06T14:44:13.769;66;20,1
2024-05-06T14:44:14.762;66;20,3
2024-05-06T14:44:15.771;65;18,7
2024-05-06T14:44:16.761;64;18,8
2024-05-06T14:44:17.760;64;17,8
2024-05-06T14:44:18.741;64;17,8
2024-05-06T14:44:19.771;64;17,7
2024-05-06T14:44:20.744;64;17,8
2024-05-06T14:44:21.734;64;17,4
2024-05-06T14:44:22.772;65;17,1
2024-05-06T14:44:23.762;65;17,1
2024-05-06T14:44:24.783;66;17,2
2024-05-06T14:44:25.757;66;17,2
2024-05-06T14:44:26.774;66;15,5
2024-05-06T14:44:27.741;65;17,0
2024-05-06T14:44:28.771;64;16,8
2024-05-06T14:44:29.752;64;18,4
2024-05-06T14:44:30.732;64;18,4
2024-05-06T14:44:31.771;64;19,8
2024-05-06T14:44:32.741;63;19,8
2024-05-06T14:44:33.751;63;22,0
2024-05-06T14:44:34.761;63;22,5
2024-05-06T14:44:35.778;63;23,0
2024-05-06T14:44:36.753;63;23,4
2024-05-06T14:44:37.772;63;23,1
2024-05-06T14:44:38.753;63;23,3
2024-05-06T14:44:39.737;62;23,2
2024-05-06T14:44:40.787;62;23,2
2024-05-06T14:44:41.761;62;21,1
2024-05-06T14:44:42.781;62;21,8
2024-05-06T14:44:43.833;62;23,1
2024-05-06T14:44:44.773;62;24,1
2024-05-06T14:44:45.782;61;22,5
2024-05-06T14:44:46.769;61;23,7
2024-05-06T14:44:47.751;61;23,6
