Phone timestamp;HR [bpm];
2024-05-08T19:07:11.785;88
2024-05-08T19:07:12.803;87
2024-05-08T19:07:13.795;88
2024-05-08T19:07:14.786;88
2024-05-08T19:07:15.845;89
2024-05-08T19:07:16.796;90
2024-05-08T19:07:17.812;91;1100,3
2024-05-08T19:07:18.806;92;1364,3
2024-05-08T19:07:19.838;92;1153,1
2024-05-08T19:07:20.797;92;1078,6
2024-05-08T19:07:21.801;91;964,8
2024-05-08T19:07:22.798;91;919,9
2024-05-08T19:07:23.796;90;880,8
2024-05-08T19:07:24.818;90;846,2
2024-05-08T19:07:25.797;90;787,8
2024-05-08T19:07:26.781;91;763,3
2024-05-08T19:07:27.817;91;742,1
2024-05-08T19:07:28.809;91;721,2
2024-05-08T19:07:29.785;91;701,9
2024-05-08T19:07:30.837;91;667,7
2024-05-08T19:07:31.789;90;652,4
2024-05-08T19:07:32.798;90;638,1
2024-05-08T19:07:33.817;89;624,7
2024-05-08T19:07:34.822;88;600,2
2024-05-08T19:07:35.780;86;589,0
2024-05-08T19:07:36.816;84;578,4
2024-05-08T19:07:37.808;82;568,3
2024-05-08T19:07:38.785;80;530,3
2024-05-08T19:07:39.806;79;489,3
2024-05-08T19:07:40.801;78;395,1
2024-05-08T19:07:41.799;77;46,0
2024-05-08T19:07:42.807;76;46,0
2024-05-08T19:07:43.797;75;46,0
2024-05-08T19:07:44.784;74;45,6
2024-05-08T19:07:45.809;73;45,5
2024-05-08T19:07:46.807;72;45,8
2024-05-08T19:07:47.778;71;46,7
2024-05-08T19:07:48.808;71;46,7
2024-05-08T19:07:49.790;71;46,7
2024-05-08T19:07:50.786;72;45,2
2024-05-08T19:07:51.804;72;25,7
2024-05-08T19:07:52.799;72;25,7
2024-05-08T19:07:53.782;72;25,9
2024-05-08T19:07:54.803;72;26,2
2024-05-08T19:07:55.808;71;26,4
2024-05-08T19:07:56.798;71;26,0
2024-05-08T19:07:57.808;71;26,0
2024-05-08T19:07:58.818;71;25,8
2024-05-08T19:07:59.799;72;25,8
2024-05-08T19:08:00.819;73;25,9
2024-05-08T19:08:01.807;74;25,3
2024-05-08T19:08:02.847;75;24,8
2024-05-08T19:08:03.865;76;29,0
2024-05-08T19:08:04.806;77;30,5
2024-05-08T19:08:05.788;76;32,1
2024-05-08T19:08:06.807;76;32,1
2024-05-08T19:08:07.790;74;31,9
2024-05-08T19:08:08.799;73;32,4
2024-05-08T19:08:09.819;71;33,1
2024-05-08T19:08:10.809;70;32,1
2024-05-08T19:08:11.781;70;32,6
2024-05-08T19:08:12.811;70;29,3
2024-05-08T19:08:13.792;71;28,8
2024-05-08T19:08:14.786;72;28,9
2024-05-08T19:08:15.808;73;29,0
2024-05-08T19:08:16.793;75;28,8
2024-05-08T19:08:17.799;77;28,6
2024-05-08T19:08:18.806;79;34,9
2024-05-08T19:08:19.839;80;45,7
2024-05-08T19:08:20.787;82;45,5
2024-05-08T19:08:21.828;80;45,6
2024-05-08T19:08:22.808;79;45,6
2024-05-08T19:08:23.829;77;45,8
2024-05-08T19:08:24.819;76;45,8
2024-05-08T19:08:25.793;74;46,4
2024-05-08T19:08:26.787;72;48,3
2024-05-08T19:08:27.818;71;45,8
2024-05-08T19:08:28.841;71;44,8
2024-05-08T19:08:29.789;71;43,6
2024-05-08T19:08:30.799;72;43,6
2024-05-08T19:08:31.806;72;43,6
2024-05-08T19:08:32.799;73;43,8
2024-05-08T19:08:33.818;74;43,3
2024-05-08T19:08:34.798;74;43,0
2024-05-08T19:08:35.783;73;43,0
2024-05-08T19:08:36.846;73;42,6
2024-05-08T19:08:37.809;72;42,5
2024-05-08T19:08:38.828;71;42,0
2024-05-08T19:08:39.806;70;42,7
2024-05-08T19:08:40.808;69;42,6
2024-05-08T19:08:41.798;69;42,6
2024-05-08T19:08:42.819;69;42,7
2024-05-08T19:08:43.793;69;36,9
2024-05-08T19:08:44.791;69;21,8
2024-05-08T19:08:45.815;69;21,9
2024-05-08T19:08:46.799;69;21,5
2024-05-08T19:08:47.786;69;21,3
2024-05-08T19:08:48.798;68;21,0
2024-05-08T19:08:49.839;68;20,9
2024-05-08T19:08:50.789;67;20,5
2024-05-08T19:08:51.818;67;15,4
2024-05-08T19:08:52.799;67;15,5
2024-05-08T19:08:53.798;68;15,5
2024-05-08T19:08:54.818;68;15,4
2024-05-08T19:08:55.809;69;15,7
2024-05-08T19:08:56.823;70;15,8
2024-05-08T19:08:57.806;70;13,8
