Phone timestamp;HR [bpm];
2024-05-13T22:17:14.701;88
2024-05-13T22:17:15.716;88
2024-05-13T22:17:16.720;87
2024-05-13T22:17:17.701;87
2024-05-13T22:17:18.714;86
2024-05-13T22:17:19.701;86
2024-05-13T22:17:20.713;86;75,1
2024-05-13T22:17:21.731;86;67,2
2024-05-13T22:17:22.771;86;76,5
2024-05-13T22:17:23.722;86;70,8
2024-05-13T22:17:24.731;85;66,3
2024-05-13T22:17:25.721;85;65,3
2024-05-13T22:17:26.700;84;62,0
2024-05-13T22:17:27.718;83;61,9
2024-05-13T22:17:28.722;82;59,3
2024-05-13T22:17:29.712;81;55,4
2024-05-13T22:17:30.749;80;53,7
2024-05-13T22:17:31.709;79;50,5
2024-05-13T22:17:32.723;76;50,5
2024-05-13T22:17:33.721;73;50,5
2024-05-13T22:17:34.751;72;49,1
2024-05-13T22:17:35.693;70;47,8
2024-05-13T22:17:36.720;70;45,4
2024-05-13T22:17:37.715;69;44,7
2024-05-13T22:17:38.742;69;43,7
2024-05-13T22:17:39.712;69;43,6
2024-05-13T22:17:40.742;68;42,7
2024-05-13T22:17:41.692;67;41,9
2024-05-13T22:17:42.732;66;41,2
2024-05-13T22:17:43.732;65;35,8
2024-05-13T22:17:44.711;64;32,8
2024-05-13T22:17:45.716;63;32,8
2024-05-13T22:17:46.704;64;31,7
2024-05-13T22:17:47.741;64;31,7
2024-05-13T22:17:48.731;64;24,0
2024-05-13T22:17:49.712;65;28,3
2024-05-13T22:17:50.694;65;28,3
2024-05-13T22:17:51.731;65;26,3
2024-05-13T22:17:52.724;65;26,7
2024-05-13T22:17:53.701;65;24,2
2024-05-13T22:17:54.721;65;24,3
2024-05-13T22:17:55.734;65;23,7
2024-05-13T22:17:56.772;65;23,7
2024-05-13T22:17:57.732;65;23,8
2024-05-13T22:17:58.707;65;23,8
2024-05-13T22:17:59.729;65;23,8
2024-05-13T22:18:00.720;65;24,9
2024-05-13T22:18:01.722;65;25,2
2024-05-13T22:18:02.702;64;25,2
2024-05-13T22:18:03.721;64;25,2
2024-05-13T22:18:04.701;63;24,8
2024-05-13T22:18:05.709;63;24,8
2024-05-13T22:18:06.719;62;23,7
2024-05-13T22:18:07.721;62;23,7
2024-05-13T22:18:08.696;62;23,9
2024-05-13T22:18:09.732;62;23,8
2024-05-13T22:18:10.783;62;23,7
2024-05-13T22:18:11.711;62;23,6
2024-05-13T22:18:12.751;62;23,4
2024-05-13T22:18:13.708;62;21,0
2024-05-13T22:18:14.713;62;21,8
2024-05-13T22:18:15.719;62;21,0
2024-05-13T22:18:16.752;62;21,7
2024-05-13T22:18:17.700;61;21,7
2024-05-13T22:18:18.732;61;15,7
2024-05-13T22:18:19.704;61;16,9
2024-05-13T22:18:20.712;61;18,2
2024-05-13T22:18:21.722;60;18,1
2024-05-13T22:18:22.703;60;18,7
2024-05-13T22:18:23.711;60;18,6
2024-05-13T22:18:24.736;60;19,2
2024-05-13T22:18:25.752;60;19,2
2024-05-13T22:18:26.700;59;19,2
2024-05-13T22:18:27.714;59;19,7
2024-05-13T22:18:28.757;60;19,9
2024-05-13T22:18:29.741;60;18,5
2024-05-13T22:18:30.720;61;18,1
2024-05-13T22:18:31.709;61;18,2
2024-05-13T22:18:32.744;61;18,3
2024-05-13T22:18:33.732;61;19,2
2024-05-13T22:18:34.751;61;20,0
2024-05-13T22:18:35.693;60;20,0
2024-05-13T22:18:36.712;60;20,3
2024-05-13T22:18:37.720;60;20,2
2024-05-13T22:18:38.711;61;20,3
2024-05-13T22:18:39.721;61;20,3
2024-05-13T22:18:40.708;62;20,3
2024-05-13T22:18:41.713;62;20,0
2024-05-13T22:18:42.721;62;19,2
2024-05-13T22:18:43.722;62;19,3
2024-05-13T22:18:44.700;62;19,7
2024-05-13T22:18:45.712;62;19,7
2024-05-13T22:18:46.733;62;20,0
2024-05-13T22:18:47.740;61;19,3
2024-05-13T22:18:48.714;62;18,0
2024-05-13T22:18:49.711;62;17,5
2024-05-13T22:18:50.697;62;16,8
2024-05-13T22:18:51.720;63;17,8
