Phone timestamp;HR [bpm];
2024-05-18T15:09:02.118;70
2024-05-18T15:09:03.113;70
2024-05-18T15:09:04.145;70
2024-05-18T15:09:05.145;70
2024-05-18T15:09:06.122;70;47,9
2024-05-18T15:09:07.138;70;44,4
2024-05-18T15:09:08.122;71;38,5
2024-05-18T15:09:09.124;72;36,3
2024-05-18T15:09:10.174;73;34,6
2024-05-18T15:09:11.123;74;31,6
2024-05-18T15:09:12.173;75;30,5
2024-05-18T15:09:13.144;75;29,4
2024-05-18T15:09:14.134;76;28,1
2024-05-18T15:09:15.113;76;27,3
2024-05-18T15:09:16.163;76;25,9
2024-05-18T15:09:17.114;76;25,2
2024-05-18T15:09:18.125;76;26,2
2024-05-18T15:09:19.143;76;25,6
2024-05-18T15:09:20.131;76;25,1
2024-05-18T15:09:21.105;75;28,0
2024-05-18T15:09:22.166;76;27,8
2024-05-18T15:09:23.134;76;27,3
2024-05-18T15:09:24.140;77;26,8
2024-05-18T15:09:25.132;77;26,8
2024-05-18T15:09:26.114;78;29,1
2024-05-18T15:09:27.123;78;21,3
2024-05-18T15:09:28.131;79;21,0
2024-05-18T15:09:29.116;80;21,5
2024-05-18T15:09:30.113;80;22,3
2024-05-18T15:09:31.133;81;24,5
2024-05-18T15:09:32.133;81;24,5
2024-05-18T15:09:33.104;81;24,5
2024-05-18T15:09:34.134;81;24,4
2024-05-18T15:09:35.115;80;24,0
2024-05-18T15:09:36.124;80;24,1
2024-05-18T15:09:37.128;79;24,1
2024-05-18T15:09:38.135;78;24,1
2024-05-18T15:09:39.112;78;24,0
2024-05-18T15:09:40.154;77;23,4
2024-05-18T15:09:41.134;76;22,6
2024-05-18T15:09:42.125;76;22,7
2024-05-18T15:09:43.143;75;22,7
2024-05-18T15:09:44.121;75;18,2
2024-05-18T15:09:45.154;75;17,9
2024-05-18T15:09:46.146;74;17,8
2024-05-18T15:09:47.135;74;17,8
2024-05-18T15:09:48.112;74;17,8
2024-05-18T15:09:49.124;74;15,9
2024-05-18T15:09:50.135;73;13,9
2024-05-18T15:09:51.125;73;13,9
2024-05-18T15:09:52.133;73;13,9
2024-05-18T15:09:53.121;73;11,9
2024-05-18T15:09:54.126;73;8,0
2024-05-18T15:09:55.144;73;6,0
2024-05-18T15:09:56.125;73;6,0
2024-05-18T15:09:57.115;73;6,0
2024-05-18T15:09:58.129;73;6,0
2024-05-18T15:09:59.134;73;6,1
2024-05-18T15:10:00.114;73;14,1
2024-05-18T15:10:01.134;73;14,1
2024-05-18T15:10:02.125;72;14,0
2024-05-18T15:10:03.125;71;14,0
2024-05-18T15:10:04.131;70;14,1
2024-05-18T15:10:05.135;69;13,7
2024-05-18T15:10:06.118;68;15,3
2024-05-18T15:10:07.128;67;15,3
2024-05-18T15:10:08.134;68;15,3
2024-05-18T15:10:09.110;68;15,3
2024-05-18T15:10:10.145;69;15,4
2024-05-18T15:10:11.121;70;15,4
2024-05-18T15:10:12.124;71;17,9
2024-05-18T15:10:13.132;71;17,9
2024-05-18T15:10:14.134;70;18,0
2024-05-18T15:10:15.124;69;18,0
2024-05-18T15:10:16.128;69;18,1
2024-05-18T15:10:17.135;68;18,1
2024-05-18T15:10:18.155;68;18,3
2024-05-18T15:10:19.174;69;18,2
2024-05-18T15:10:20.122;69;18,3
2024-05-18T15:10:21.119;69;18,3
2024-05-18T15:10:22.124;69;18,3
2024-05-18T15:10:23.164;69;18,3
2024-05-18T15:10:24.114;69;18,2
2024-05-18T15:10:25.132;69;18,1
2024-05-18T15:10:26.115;69;13,2
2024-05-18T15:10:27.124;69;13,3
2024-05-18T15:10:28.145;69;13,3
2024-05-18T15:10:29.124;69;13,2
2024-05-18T15:10:30.106;68;14,3
