Phone timestamp;HR [bpm];
2024-05-18T15:14:46.131;73
2024-05-18T15:14:47.124;73
2024-05-18T15:14:48.119;72
2024-05-18T15:14:49.134;72
2024-05-18T15:14:50.135;72;4,0
2024-05-18T15:14:51.126;72;3,7
2024-05-18T15:14:52.134;73;3,7
2024-05-18T15:14:53.123;73;13,2
2024-05-18T15:14:54.125;74;14,0
2024-05-18T15:14:55.146;74;13,4
2024-05-18T15:14:56.126;74;12,2
2024-05-18T15:14:57.107;74;11,8
2024-05-18T15:14:58.164;73;11,8
2024-05-18T15:14:59.163;72;17,9
2024-05-18T15:15:00.119;72;17,4
2024-05-18T15:15:01.133;72;16,9
2024-05-18T15:15:02.119;72;18,5
2024-05-18T15:15:03.157;72;22,5
2024-05-18T15:15:04.146;72;22,9
2024-05-18T15:15:05.124;73;21,9
2024-05-18T15:15:06.108;72;21,6
2024-05-18T15:15:07.145;72;22,6
2024-05-18T15:15:08.136;71;28,5
2024-05-18T15:15:09.116;71;28,0
2024-05-18T15:15:10.132;70;27,5
2024-05-18T15:15:11.129;69;27,5
2024-05-18T15:15:12.126;69;29,9
2024-05-18T15:15:13.137;69;30,5
2024-05-18T15:15:14.126;70;30,5
2024-05-18T15:15:15.136;70;30,5
2024-05-18T15:15:16.176;71;30,7
2024-05-18T15:15:17.124;71;30,5
2024-05-18T15:15:18.125;72;30,5
2024-05-18T15:15:19.126;72;30,9
2024-05-18T15:15:20.128;73;30,9
2024-05-18T15:15:21.113;73;30,9
2024-05-18T15:15:22.136;73;30,7
2024-05-18T15:15:23.125;74;29,9
2024-05-18T15:15:24.117;74;29,9
2024-05-18T15:15:25.147;74;29,1
2024-05-18T15:15:26.124;75;27,6
2024-05-18T15:15:27.126;76;27,0
2024-05-18T15:15:28.135;76;27,5
2024-05-18T15:15:29.118;77;27,3
2024-05-18T15:15:30.114;77;21,4
2024-05-18T15:15:31.176;76;19,5
2024-05-18T15:15:32.166;77;19,5
2024-05-18T15:15:33.109;77;19,5
2024-05-18T15:15:34.136;78;19,5
2024-05-18T15:15:35.136;78;23,9
2024-05-18T15:15:36.157;78;27,3
2024-05-18T15:15:37.135;78;26,7
2024-05-18T15:15:38.153;76;26,9
2024-05-18T15:15:39.108;74;26,8
2024-05-18T15:15:40.145;73;26,0
2024-05-18T15:15:41.137;71;26,9
2024-05-18T15:15:42.114;70;26,9
2024-05-18T15:15:43.129;70;26,5
2024-05-18T15:15:44.137;70;26,5
2024-05-18T15:15:45.126;70;26,7
2024-05-18T15:15:46.136;70;27,0
2024-05-18T15:15:47.121;71;28,1
2024-05-18T15:15:48.157;70;27,4
2024-05-18T15:15:49.146;70;27,4
2024-05-18T15:15:50.159;69;26,9
2024-05-18T15:15:51.115;68;27,2
2024-05-18T15:15:52.127;67;27,4
2024-05-18T15:15:53.135;67;27,5
2024-05-18T15:15:54.115;68;27,5
2024-05-18T15:15:55.136;68;27,5
2024-05-18T15:15:56.126;69;28,6
2024-05-18T15:15:57.126;70;28,6
2024-05-18T15:15:58.166;70;29,2
2024-05-18T15:15:59.134;70;29,7
2024-05-18T15:16:00.118;69;25,5
2024-05-18T15:16:01.126;68;19,9
2024-05-18T15:16:02.166;67;20,3
2024-05-18T15:16:03.110;66;21,3
2024-05-18T15:16:04.177;67;21,2
2024-05-18T15:16:05.154;67;21,1
2024-05-18T15:16:06.126;68;19,9
2024-05-18T15:16:07.136;68;20,2
2024-05-18T15:16:08.167;69;20,2
2024-05-18T15:16:09.116;69;20,1
2024-05-18T15:16:10.128;69;20,1
2024-05-18T15:16:11.137;68;19,9
2024-05-18T15:16:12.126;68;19,4
2024-05-18T15:16:13.146;68;17,5
