Phone timestamp;HR [bpm];
2024-05-22T19:48:08.488;97
2024-05-22T19:48:09.478;97
2024-05-22T19:48:10.468;96
2024-05-22T19:48:11.490;96
2024-05-22T19:48:12.478;96;7,7
2024-05-22T19:48:13.469;96;8,6
2024-05-22T19:48:14.490;96;7,6
2024-05-22T19:48:15.477;96;7,1
2024-05-22T19:48:16.468;96;6,5
2024-05-22T19:48:17.523;96;6,2
2024-05-22T19:48:18.482;96;6,6
2024-05-22T19:48:19.498;96;7,4
2024-05-22T19:48:20.490;96;7,5
2024-05-22T19:48:21.478;95;7,3
2024-05-22T19:48:22.469;94;7,0
2024-05-22T19:48:23.488;94;11,6
2024-05-22T19:48:24.511;93;14,9
2024-05-22T19:48:25.468;92;14,6
2024-05-22T19:48:26.490;91;14,2
2024-05-22T19:48:27.478;90;14,2
2024-05-22T19:48:28.467;90;16,0
2024-05-22T19:48:29.489;89;16,2
2024-05-22T19:48:30.477;89;15,9
2024-05-22T19:48:31.468;89;15,9
2024-05-22T19:48:32.487;90;16,0
2024-05-22T19:48:33.477;90;16,2
2024-05-22T19:48:34.468;90;16,2
2024-05-22T19:48:35.524;91;16,2
2024-05-22T19:48:36.480;92;16,4
2024-05-22T19:48:37.469;92;17,0
2024-05-22T19:48:38.492;93;16,8
2024-05-22T19:48:39.509;93;16,9
2024-05-22T19:48:40.505;93;17,0
2024-05-22T19:48:41.490;93;17,0
2024-05-22T19:48:42.479;93;15,3
2024-05-22T19:48:43.468;92;12,5
2024-05-22T19:48:44.488;91;12,8
2024-05-22T19:48:45.480;90;12,8
2024-05-22T19:48:46.468;89;12,3
2024-05-22T19:48:47.499;89;12,3
2024-05-22T19:48:48.477;89;9,6
2024-05-22T19:48:49.467;90;9,7
2024-05-22T19:48:50.489;91;9,7
2024-05-22T19:48:51.477;91;10,1
2024-05-22T19:48:52.467;91;10,1
2024-05-22T19:48:53.488;91;10,2
2024-05-22T19:48:54.480;91;10,2
2024-05-22T19:48:55.468;92;9,9
2024-05-22T19:48:56.526;93;9,1
2024-05-22T19:48:57.478;93;8,8
2024-05-22T19:48:58.468;94;8,7
2024-05-22T19:48:59.490;94;8,7
2024-05-22T19:49:00.477;94;8,2
2024-05-22T19:49:01.469;95;9,7
2024-05-22T19:49:02.489;95;15,3
2024-05-22T19:49:03.478;96;15,1
2024-05-22T19:49:04.468;97;15,6
2024-05-22T19:49:05.490;95;16,1
2024-05-22T19:49:06.479;94;16,4
2024-05-22T19:49:07.468;93;17,6
2024-05-22T19:49:08.490;91;18,8
2024-05-22T19:49:09.478;91;18,5
2024-05-22T19:49:10.504;91;18,3
2024-05-22T19:49:11.550;92;18,7
2024-05-22T19:49:12.478;92;31,2
2024-05-22T19:49:13.506;94;31,2
2024-05-22T19:49:14.490;96;31,2
2024-05-22T19:49:15.512;95;31,1
2024-05-22T19:49:16.541;93;31,7
2024-05-22T19:49:17.489;92;31,8
2024-05-22T19:49:18.484;91;31,8
2024-05-22T19:49:19.468;89;32,0
2024-05-22T19:49:20.487;88;31,7
2024-05-22T19:49:21.514;87;30,5
2024-05-22T19:49:22.468;87;29,6
2024-05-22T19:49:23.488;88;29,6
2024-05-22T19:49:24.479;89;29,1
2024-05-22T19:49:25.503;89;29,0
2024-05-22T19:49:26.491;90;28,7
2024-05-22T19:49:27.478;90;28,0
2024-05-22T19:49:28.468;90;27,7
2024-05-22T19:49:29.489;89;27,2
2024-05-22T19:49:30.514;89;27,3
2024-05-22T19:49:31.470;89;22,9
2024-05-22T19:49:32.488;88;10,0
2024-05-22T19:49:33.478;88;10,1
2024-05-22T19:49:34.504;88;10,1
