Phone timestamp;HR [bpm];HRV [ms];
2024-05-26T22:07:34.731;78
2024-05-26T22:07:35.725;78
2024-05-26T22:07:36.748;78
2024-05-26T22:07:37.746;77
2024-05-26T22:07:38.729;77;21,3
2024-05-26T22:07:39.738;76;19,5
2024-05-26T22:07:40.750;76;18,0
2024-05-26T22:07:41.721;76;16,9
2024-05-26T22:07:42.760;76;16,0
2024-05-26T22:07:43.739;75;16,9
2024-05-26T22:07:44.729;73;18,1
2024-05-26T22:07:45.777;73;17,4
2024-05-26T22:07:46.746;73;18,0
2024-05-26T22:07:47.730;73;17,7
2024-05-26T22:07:48.746;73;17,2
2024-05-26T22:07:49.747;74;22,3
2024-05-26T22:07:50.743;74;21,7
2024-05-26T22:07:51.760;75;20,7
2024-05-26T22:07:52.739;75;20,9
2024-05-26T22:07:53.719;75;20,5
2024-05-26T22:07:54.748;75;20,1
2024-05-26T22:07:55.749;75;19,6
2024-05-26T22:07:56.729;75;19,5
2024-05-26T22:07:57.747;75;19,2
2024-05-26T22:07:58.754;77;19,2
2024-05-26T22:07:59.742;77;18,2
2024-05-26T22:08:00.756;78;18,1
2024-05-26T22:08:01.734;78;18,2
2024-05-26T22:08:02.720;78;18,6
2024-05-26T22:08:03.755;77;18,9
2024-05-26T22:08:04.748;76;27,2
2024-05-26T22:08:05.724;74;27,4
2024-05-26T22:08:06.748;73;27,3
2024-05-26T22:08:07.749;73;26,7
2024-05-26T22:08:08.743;73;29,9
2024-05-26T22:08:09.746;74;30,0
2024-05-26T22:08:10.739;74;29,7
2024-05-26T22:08:11.721;76;29,8
2024-05-26T22:08:12.749;76;27,4
2024-05-26T22:08:13.748;76;27,5
2024-05-26T22:08:14.737;76;27,5
2024-05-26T22:08:15.746;76;27,7
2024-05-26T22:08:16.751;75;27,6
2024-05-26T22:08:17.735;75;27,6
2024-05-26T22:08:18.790;75;27,4
2024-05-26T22:08:19.741;75;27,8
2024-05-26T22:08:20.720;76;28,2
2024-05-26T22:08:21.758;76;27,5
2024-05-26T22:08:22.743;76;27,3
2024-05-26T22:08:23.742;76;27,5
2024-05-26T22:08:24.750;76;28,1
2024-05-26T22:08:25.741;75;27,9
2024-05-26T22:08:26.741;75;27,6
2024-05-26T22:08:27.763;75;19,2
2024-05-26T22:08:28.737;75;19,3
2024-05-26T22:08:29.721;75;19,1
2024-05-26T22:08:30.762;76;19,0
2024-05-26T22:08:31.754;76;18,9
2024-05-26T22:08:32.731;76;13,4
2024-05-26T22:08:33.747;75;14,4
2024-05-26T22:08:34.730;74;15,3
2024-05-26T22:08:35.743;73;15,5
2024-05-26T22:08:36.758;73;15,5
2024-05-26T22:08:37.741;72;15,4
2024-05-26T22:08:38.725;72;16,4
2024-05-26T22:08:39.759;72;16,3
2024-05-26T22:08:40.749;73;17,5
2024-05-26T22:08:41.732;73;17,5
2024-05-26T22:08:42.777;73;17,5
2024-05-26T22:08:43.731;73;17,5
2024-05-26T22:08:44.741;73;16,7
2024-05-26T22:08:45.745;72;16,7
2024-05-26T22:08:46.750;72;16,7
2024-05-26T22:08:47.734;72;16,7
2024-05-26T22:08:48.759;72;15,9
2024-05-26T22:08:49.749;72;16,1
2024-05-26T22:08:50.726;73;16,1
2024-05-26T22:08:51.790;73;16,2
2024-05-26T22:08:52.730;74;16,3
2024-05-26T22:08:53.730;74;16,1
2024-05-26T22:08:54.760;75;16,1
2024-05-26T22:08:55.753;75;16,1
2024-05-26T22:08:56.731;74;19,4
2024-05-26T22:08:57.740;74;19,4
2024-05-26T22:08:58.750;73;18,7
2024-05-26T22:08:59.742;73;18,9
2024-05-26T22:09:00.758;73;19,2
2024-05-26T22:09:01.743;74;18,0
2024-05-26T22:09:02.723;74;18,0
2024-05-26T22:09:03.763;74;18,0
2024-05-26T22:09:04.748;74;16,8
2024-05-26T22:09:05.730;73;16,8
2024-05-26T22:09:06.742;73;16,9
2024-05-26T22:09:07.738;72;16,2
2024-05-26T22:09:08.742;72;16,2
2024-05-26T22:09:09.748;72;16,1
2024-05-26T22:09:10.744;72;16,1
2024-05-26T22:09:11.744;72;15,8
2024-05-26T22:09:12.758;72;15,9
2024-05-26T22:09:13.742;72;15,8
2024-05-26T22:09:14.730;72;16,0
2024-05-26T22:09:15.739;72;16,2
2024-05-26T22:09:16.752;72;16,1
2024-05-26T22:09:17.744;71;16,2
2024-05-26T22:09:18.747;71;16,2
2024-05-26T22:09:19.733;71;16,2
2024-05-26T22:09:20.745;71;16,3
2024-05-26T22:09:21.756;72;9,9
2024-05-26T22:09:22.750;72;9,9
2024-05-26T22:09:23.730;72;9,9
2024-05-26T22:09:24.776;71;12,9
2024-05-26T22:09:25.752;70;13,0
2024-05-26T22:09:26.727;70;13,0
2024-05-26T22:09:27.743;69;13,0
2024-05-26T22:09:28.741;69;13,0
2024-05-26T22:09:29.744;69;12,7
2024-05-26T22:09:30.741;69;14,0
2024-05-26T22:09:31.733;70;15,7
2024-05-26T22:09:32.730;70;15,7
2024-05-26T22:09:33.775;70;15,7
2024-05-26T22:09:34.734;70;16,7
2024-05-26T22:09:35.743;70;16,7
2024-05-26T22:09:36.755;70;16,7
2024-05-26T22:09:37.743;70;16,3
2024-05-26T22:09:38.720;71;16,3
2024-05-26T22:09:39.747;71;16,1
2024-05-26T22:09:40.753;71;16,3
2024-05-26T22:09:41.730;71;16,7
2024-05-26T22:09:42.747;71;17,1
2024-05-26T22:09:43.749;71;17,1
2024-05-26T22:09:44.741;72;18,0
2024-05-26T22:09:45.761;73;17,9
2024-05-26T22:09:46.737;73;17,9
2024-05-26T22:09:47.720;73;18,5
2024-05-26T22:09:48.758;73;17,1
2024-05-26T22:09:49.748;72;16,1
2024-05-26T22:09:50.730;72;16,1
2024-05-26T22:09:51.745;72;16,1
