Phone timestamp;HR [bpm];
2024-05-27T22:34:42.486;76
2024-05-27T22:34:43.531;77
2024-05-27T22:34:44.488;77
2024-05-27T22:34:45.559;78
2024-05-27T22:34:46.515;78;17,1
2024-05-27T22:34:47.493;79;16,2
2024-05-27T22:34:48.515;79;15,1
2024-05-27T22:34:49.504;79;14,4
2024-05-27T22:34:50.495;80;19,4
2024-05-27T22:34:51.528;81;19,0
2024-05-27T22:34:52.516;82;18,0
2024-05-27T22:34:53.487;83;17,0
2024-05-27T22:34:54.512;85;16,6
2024-05-27T22:34:55.517;87;16,1
2024-05-27T22:34:56.496;88;15,7
2024-05-27T22:34:57.515;90;22,7
2024-05-27T22:34:58.516;92;48,0
2024-05-27T22:34:59.538;93;47,0
2024-05-27T22:35:00.554;93;46,0
2024-05-27T22:35:01.503;92;44,4
2024-05-27T22:35:02.494;91;43,6
2024-05-27T22:35:03.528;90;43,4
2024-05-27T22:35:04.515;89;45,1
2024-05-27T22:35:05.506;88;45,1
2024-05-27T22:35:06.513;86;44,6
2024-05-27T22:35:07.496;84;44,6
2024-05-27T22:35:08.504;84;44,5
2024-05-27T22:35:09.507;84;44,4
2024-05-27T22:35:10.516;85;44,4
2024-05-27T22:35:11.490;86;44,2
2024-05-27T22:35:12.569;87;44,1
2024-05-27T22:35:13.516;88;44,4
2024-05-27T22:35:14.553;89;45,4
2024-05-27T22:35:15.516;90;46,0
2024-05-27T22:35:16.505;91;46,0
2024-05-27T22:35:17.506;91;45,9
2024-05-27T22:35:18.526;89;43,6
2024-05-27T22:35:19.515;88;22,4
2024-05-27T22:35:20.491;87;23,4
2024-05-27T22:35:21.517;85;23,2
2024-05-27T22:35:22.515;85;23,2
2024-05-27T22:35:23.492;84;22,2
2024-05-27T22:35:24.515;85;18,5
2024-05-27T22:35:25.501;85;18,8
2024-05-27T22:35:26.492;85;18,8
2024-05-27T22:35:27.527;86;18,8
2024-05-27T22:35:28.529;85;19,0
2024-05-27T22:35:29.495;84;20,5
2024-05-27T22:35:30.525;84;20,1
2024-05-27T22:35:31.500;84;19,9
2024-05-27T22:35:32.568;85;19,9
2024-05-27T22:35:33.512;86;21,8
2024-05-27T22:35:34.498;87;22,0
2024-05-27T22:35:35.489;88;19,9
2024-05-27T22:35:36.524;88;18,3
2024-05-27T22:35:37.548;88;18,5
2024-05-27T22:35:38.495;87;18,6
2024-05-27T22:35:39.507;86;18,7
2024-05-27T22:35:40.561;85;17,8
2024-05-27T22:35:41.505;84;16,3
2024-05-27T22:35:42.525;83;16,4
2024-05-27T22:35:43.502;82;16,4
2024-05-27T22:35:44.486;81;16,4
2024-05-27T22:35:45.524;81;16,2
2024-05-27T22:35:46.514;81;15,9
2024-05-27T22:35:47.493;80;15,8
2024-05-27T22:35:48.507;81;16,4
2024-05-27T22:35:49.515;81;16,0
2024-05-27T22:35:50.495;81;16,0
2024-05-27T22:35:51.526;81;12,6
2024-05-27T22:35:52.496;80;12,6
2024-05-27T22:35:53.537;80;12,6
2024-05-27T22:35:54.525;79;12,6
2024-05-27T22:35:55.502;79;7,5
2024-05-27T22:35:56.496;79;6,7
2024-05-27T22:35:57.512;78;6,7
2024-05-27T22:35:58.514;78;6,7
2024-05-27T22:35:59.537;78;5,8
2024-05-27T22:36:00.523;78;5,5
2024-05-27T22:36:01.503;77;5,5
2024-05-27T22:36:02.498;77;7,6
2024-05-27T22:36:03.513;77;7,9
2024-05-27T22:36:04.547;77;7,8
2024-05-27T22:36:05.524;76;7,9
2024-05-27T22:36:06.509;77;7,9
2024-05-27T22:36:07.504;77;7,9
2024-05-27T22:36:08.505;78;8,9
2024-05-27T22:36:09.525;79;9,9
2024-05-27T22:36:10.503;79;10,0
