Phone timestamp;HR [bpm];
2024-04-19T14:45:19.834;95
2024-04-19T14:45:20.819;95
2024-04-19T14:45:21.861;96;429,2
2024-04-19T14:45:22.837;96;350,6
2024-04-19T14:45:23.830;96;286,7
2024-04-19T14:45:24.840;96;272,0
2024-04-19T14:45:25.847;96;248,3
2024-04-19T14:45:26.840;96;229,9
2024-04-19T14:45:27.860;96;215,0
2024-04-19T14:45:28.835;96;202,7
2024-04-19T14:45:29.819;96;192,3
2024-04-19T14:45:30.861;96;183,4
2024-04-19T14:45:31.851;96;175,6
2024-04-19T14:45:32.824;96;168,7
2024-04-19T14:45:33.878;97;162,6
2024-04-19T14:45:34.833;97;113,2
2024-04-19T14:45:35.823;99;10,5
2024-04-19T14:45:36.845;100;10,4
2024-04-19T14:45:37.839;100;10,8
2024-04-19T14:45:38.820;101;43,3
2024-04-19T14:45:39.849;101;42,4
2024-04-19T14:45:40.850;101;42,4
2024-04-19T14:45:41.839;101;44,3
2024-04-19T14:45:42.847;100;46,3
2024-04-19T14:45:43.863;100;46,4
2024-04-19T14:45:44.839;99;46,5
2024-04-19T14:45:45.860;98;46,5
2024-04-19T14:45:46.840;99;46,5
2024-04-19T14:45:47.861;101;46,5
2024-04-19T14:45:48.842;102;46,5
2024-04-19T14:45:49.846;102;46,5
2024-04-19T14:45:50.838;103;46,5
2024-04-19T14:45:51.851;104;46,4
2024-04-19T14:45:52.830;105;46,4
2024-04-19T14:45:53.841;106;45,8
2024-04-19T14:45:54.861;106;19,3
2024-04-19T14:45:55.870;106;19,2
2024-04-19T14:45:56.820;106;19,0
2024-04-19T14:45:57.852;106;10,3
2024-04-19T14:45:58.847;107;3,6
2024-04-19T14:45:59.840;109;2,5
2024-04-19T14:46:00.877;110;2,1
