Phone timestamp;HR [bpm];
2024-04-19T14:43:13.834;89
2024-04-19T14:43:14.826;89
2024-04-19T14:43:15.907;89
2024-04-19T14:43:16.848;89
2024-04-19T14:43:17.827;88
2024-04-19T14:43:18.846;88
2024-04-19T14:43:19.853;88
2024-04-19T14:43:20.836;87
2024-04-19T14:43:21.848;86
2024-04-19T14:43:22.867;85;830,8
2024-04-19T14:43:23.842;84;758,4
2024-04-19T14:43:24.858;84;751,8
2024-04-19T14:43:25.849;82;672,5
2024-04-19T14:43:26.827;82;613,9
2024-04-19T14:43:27.846;82;589,8
2024-04-19T14:43:28.849;82;549,1
2024-04-19T14:43:29.827;82;531,7
2024-04-19T14:43:30.857;82;501,3
2024-04-19T14:43:31.829;82;487,9
2024-04-19T14:43:32.827;82;464,2
2024-04-19T14:43:33.860;82;443,5
2024-04-19T14:43:34.838;83;434,2
2024-04-19T14:43:35.869;83;417,2
2024-04-19T14:43:36.845;83;402,1
2024-04-19T14:43:37.870;83;395,1
2024-04-19T14:43:38.831;84;395,0
2024-04-19T14:43:39.848;84;192,7
2024-04-19T14:43:40.836;84;192,7
2024-04-19T14:43:41.819;84;15,4
2024-04-19T14:43:42.860;84;15,4
2024-04-19T14:43:43.847;85;16,0
2024-04-19T14:43:44.839;86;15,6
2024-04-19T14:43:45.847;87;16,1
2024-04-19T14:43:46.846;88;16,1
2024-04-19T14:43:47.818;88;15,6
2024-04-19T14:43:48.840;88;15,1
2024-04-19T14:43:49.835;88;13,8
2024-04-19T14:43:50.824;88;13,8
2024-04-19T14:43:51.859;88;13,6
2024-04-19T14:43:52.850;88;12,7
2024-04-19T14:43:53.829;89;11,0
2024-04-19T14:43:54.848;89;10,8
2024-04-19T14:43:55.861;90;10,8
2024-04-19T14:43:56.840;91;10,8
2024-04-19T14:43:57.859;95;10,1
2024-04-19T14:43:58.840;97;8,3
2024-04-19T14:43:59.820;97;8,3
2024-04-19T14:44:00.882;99;6,8
2024-04-19T14:44:01.834;101;6,8
2024-04-19T14:44:02.840;102;8,8
2024-04-19T14:44:03.845;102;7,9
2024-04-19T14:44:04.828;103;8,0
2024-04-19T14:44:05.870;104;8,0
2024-04-19T14:44:06.860;103;8,1
2024-04-19T14:44:07.832;102;7,9
2024-04-19T14:44:08.859;101;7,9
2024-04-19T14:44:09.858;100;8,6
2024-04-19T14:44:10.880;99;8,8
2024-04-19T14:44:11.840;99;8,8
2024-04-19T14:44:12.887;99;9,9
2024-04-19T14:44:13.829;99;9,6
2024-04-19T14:44:14.857;99;9,6
2024-04-19T14:44:15.859;99;10,2
2024-04-19T14:44:16.878;99;10,1
2024-04-19T14:44:17.829;99;12,1
2024-04-19T14:44:18.839;99;12,1
2024-04-19T14:44:19.828;99;20,1
2024-04-19T14:44:20.869;98;28,1
2024-04-19T14:44:21.859;99;28,3
2024-04-19T14:44:22.837;99;28,3
2024-04-19T14:44:23.820;99;28,3
2024-04-19T14:44:24.859;99;29,1
2024-04-19T14:44:25.880;98;29,7
2024-04-19T14:44:26.829;98;30,8
2024-04-19T14:44:27.839;97;31,2
2024-04-19T14:44:28.850;96;30,9
2024-04-19T14:44:29.840;95;30,9
2024-04-19T14:44:30.852;95;30,6
2024-04-19T14:44:31.834;96;30,6
2024-04-19T14:44:32.843;96;30,6
2024-04-19T14:44:33.849;97;30,4
2024-04-19T14:44:34.849;98;30,0
2024-04-19T14:44:35.859;98;29,7
2024-04-19T14:44:36.852;99;24,9
2024-04-19T14:44:37.880;100;14,2
2024-04-19T14:44:38.830;102;13,6
2024-04-19T14:44:39.860;104;13,6
2024-04-19T14:44:40.841;104;12,5
2024-04-19T14:44:41.849;105;10,1
2024-04-19T14:44:42.889;106;5,7
2024-04-19T14:44:43.850;106;3,4
2024-04-19T14:44:44.833;107;2,7
2024-04-19T14:44:45.848;107;2,4
2024-04-19T14:44:46.832;107;2,5
2024-04-19T14:44:47.820;107;2,5
2024-04-19T14:44:48.839;107;2,6
2024-04-19T14:44:49.833;105;2,2
2024-04-19T14:44:50.850;104;3,0
2024-04-19T14:44:51.859;102;3,0
2024-04-19T14:44:52.860;101;3,0
2024-04-19T14:44:53.831;101;5,0
2024-04-19T14:44:54.848;102;10,1
2024-04-19T14:44:55.836;104;10,1
